# Area, eccentricity, mean_intensity, solidity, circularity, label
1706505.000,     0.653,     1.000,     0.889,     0.000
     1.000,     0.000,     1.000,     1.000,     0.000
     1.000,     0.000,     1.000,     1.000,     0.000
     1.000,     0.000,     1.000,     1.000,     0.000
     1.000,     0.000,     1.000,     1.000,     0.000
     1.000,     0.000,     1.000,     1.000,     0.000
     1.000,     0.000,     1.000,     1.000,     0.000
     1.000,     0.000,     1.000,     1.000,     0.000
     1.000,     0.000,     1.000,     1.000,     0.000
     4.000,     0.924,     1.000,     1.000,     0.000
1784403.000,     0.660,     1.000,     0.929,     0.000
     1.000,     0.000,     1.000,     1.000,     0.000
     6.000,     0.870,     1.000,     1.000,     0.000
    27.000,     0.753,     1.000,     0.900,     0.000
     2.000,     1.000,     1.000,     1.000,     0.000
     2.000,     1.000,     1.000,     1.000,     0.000
     1.000,     0.000,     1.000,     1.000,     0.000
     1.000,     0.000,     1.000,     1.000,     0.000
     1.000,     0.000,     1.000,     1.000,     0.000
     1.000,     0.000,     1.000,     1.000,     0.000
     2.000,     1.000,     1.000,     1.000,     0.000
     1.000,     0.000,     1.000,     1.000,     0.000
     1.000,     0.000,     1.000,     1.000,     0.000
     1.000,     0.000,     1.000,     1.000,     0.000
     1.000,     0.000,     1.000,     1.000,     0.000
     1.000,     0.000,     1.000,     1.000,     0.000
     1.000,     0.000,     1.000,     1.000,     0.000
     3.000,     1.000,     1.000,     1.000,     0.000
     1.000,     0.000,     1.000,     1.000,     0.000
     1.000,     0.000,     1.000,     1.000,     0.000
     3.000,     0.816,     1.000,     0.750,     0.000
     2.000,     1.000,     1.000,     1.000,     0.000
     1.000,     0.000,     1.000,     1.000,     0.000
     1.000,     0.000,     1.000,     1.000,     0.000
     1.000,     0.000,     1.000,     1.000,     0.000
     2.000,     1.000,     1.000,     1.000,     0.000
     1.000,     0.000,     1.000,     1.000,     0.000
     1.000,     0.000,     1.000,     1.000,     0.000
     4.000,     0.791,     1.000,     1.000,     0.000
     1.000,     0.000,     1.000,     1.000,     0.000
     1.000,     0.000,     1.000,     1.000,     0.000
     1.000,     0.000,     1.000,     1.000,     0.000
     1.000,     0.000,     1.000,     1.000,     0.000
     1.000,     0.000,     1.000,     1.000,     0.000
     1.000,     0.000,     1.000,     1.000,     0.000
     1.000,     0.000,     1.000,     1.000,     0.000
     4.000,     1.000,     1.000,     1.000,     0.000
     1.000,     0.000,     1.000,     1.000,     0.000
     4.000,     0.000,     1.000,     1.000,     0.000
     3.000,     0.816,     1.000,     1.000,     0.000
     5.000,     0.959,     1.000,     0.833,     0.000
     3.000,     0.816,     1.000,     1.000,     0.000
    17.000,     0.964,     1.000,     0.586,     0.000
     8.000,     0.813,     1.000,     0.667,     0.000
     1.000,     0.000,     1.000,     1.000,     0.000
     1.000,     0.000,     1.000,     1.000,     0.000
     3.000,     0.816,     1.000,     1.000,     0.000
     1.000,     0.000,     1.000,     1.000,     0.000
     4.000,     0.816,     1.000,     0.800,     0.000
     3.000,     1.000,     1.000,     1.000,     0.000
    44.000,     0.929,     1.000,     0.537,     0.000
     1.000,     0.000,     1.000,     1.000,     0.000
     3.000,     1.000,     1.000,     1.000,     0.000
     1.000,     0.000,     1.000,     1.000,     0.000
     1.000,     0.000,     1.000,     1.000,     0.000
     6.000,     0.870,     1.000,     1.000,     0.000
     5.000,     0.959,     1.000,     0.833,     0.000
     1.000,     0.000,     1.000,     1.000,     0.000
    22.000,     0.922,     1.000,     0.688,     0.000
     8.000,     0.936,     1.000,     0.889,     0.000
     3.000,     0.816,     1.000,     1.000,     0.000
     1.000,     0.000,     1.000,     1.000,     0.000
     1.000,     0.000,     1.000,     1.000,     0.000
     2.000,     1.000,     1.000,     1.000,     0.000
     2.000,     1.000,     1.000,     1.000,     0.000
     2.000,     1.000,     1.000,     1.000,     0.000
     1.000,     0.000,     1.000,     1.000,     0.000
     2.000,     1.000,     1.000,     1.000,     0.000
     1.000,     0.000,     1.000,     1.000,     0.000
     1.000,     0.000,     1.000,     1.000,     0.000
     3.000,     0.816,     1.000,     1.000,     0.000
     3.000,     0.816,     1.000,     1.000,     0.000
1821931.000,     0.670,     1.000,     0.949,     0.000
     1.000,     0.000,     1.000,     1.000,     0.000
     1.000,     0.000,     1.000,     1.000,     0.000
     1.000,     0.000,     1.000,     1.000,     0.000
     1.000,     0.000,     1.000,     1.000,     0.000
    24.000,     0.938,     1.000,     0.686,     0.000
     8.000,     0.679,     1.000,     0.727,     0.000
     1.000,     0.000,     1.000,     1.000,     0.000
     1.000,     0.000,     1.000,     1.000,     0.000
     1.000,     0.000,     1.000,     1.000,     0.000
     1.000,     0.000,     1.000,     1.000,     0.000
     3.000,     0.816,     1.000,     1.000,     0.000
     6.000,     0.925,     1.000,     1.000,     0.000
     4.000,     0.000,     1.000,     1.000,     0.000
     7.000,     0.935,     1.000,     0.875,     0.000
     1.000,     0.000,     1.000,     1.000,     0.000
     2.000,     1.000,     1.000,     1.000,     0.000
     1.000,     0.000,     1.000,     1.000,     0.000
     6.000,     1.000,     1.000,     1.000,     0.000
     1.000,     0.000,     1.000,     1.000,     0.000
     1.000,     0.000,     1.000,     1.000,     0.000
     1.000,     0.000,     1.000,     1.000,     0.000
     2.000,     1.000,     1.000,     1.000,     0.000
     2.000,     1.000,     1.000,     1.000,     0.000
     3.000,     1.000,     1.000,     1.000,     0.000
1705828.000,     0.656,     1.000,     0.888,     0.000
     1.000,     0.000,     1.000,     1.000,     0.000
     1.000,     0.000,     1.000,     1.000,     0.000
     1.000,     0.000,     1.000,     1.000,     0.000
     1.000,     0.000,     1.000,     1.000,     0.000
     3.000,     0.816,     1.000,     1.000,     0.000
     2.000,     1.000,     1.000,     1.000,     0.000
     1.000,     0.000,     1.000,     1.000,     0.000
     1.000,     0.000,     1.000,     1.000,     0.000
     1.000,     0.000,     1.000,     1.000,     0.000
     1.000,     0.000,     1.000,     1.000,     0.000
     1.000,     0.000,     1.000,     1.000,     0.000
     1.000,     0.000,     1.000,     1.000,     0.000
     1.000,     0.000,     1.000,     1.000,     0.000
     3.000,     1.000,     1.000,     1.000,     0.000
     1.000,     0.000,     1.000,     1.000,     0.000
     1.000,     0.000,     1.000,     1.000,     0.000
     1.000,     0.000,     1.000,     1.000,     0.000
     1.000,     0.000,     1.000,     1.000,     0.000
     1.000,     0.000,     1.000,     1.000,     0.000
     1.000,     0.000,     1.000,     1.000,     0.000
     1.000,     0.000,     1.000,     1.000,     0.000
     1.000,     0.000,     1.000,     1.000,     0.000
     7.000,     0.992,     1.000,     0.583,     0.000
     1.000,     0.000,     1.000,     1.000,     0.000
     1.000,     0.000,     1.000,     1.000,     0.000
     1.000,     0.000,     1.000,     1.000,     0.000
     3.000,     0.816,     1.000,     1.000,     0.000
     1.000,     0.000,     1.000,     1.000,     0.000
     1.000,     0.000,     1.000,     1.000,     0.000
     3.000,     0.816,     1.000,     1.000,     0.000
    63.000,     0.966,     1.000,     0.649,     0.000
     1.000,     0.000,     1.000,     1.000,     0.000
     1.000,     0.000,     1.000,     1.000,     0.000
     1.000,     0.000,     1.000,     1.000,     0.000
     2.000,     1.000,     1.000,     1.000,     0.000
    36.000,     0.938,     1.000,     0.735,     0.000
     5.000,     1.000,     1.000,     1.000,     0.000
    43.000,     0.904,     1.000,     0.796,     0.000
    49.000,     0.957,     1.000,     0.754,     0.000
    21.000,     0.958,     1.000,     0.525,     0.000
     1.000,     0.000,     1.000,     1.000,     0.000
     2.000,     1.000,     1.000,     1.000,     0.000
     1.000,     0.000,     1.000,     1.000,     0.000
     2.000,     1.000,     1.000,     1.000,     0.000
     1.000,     0.000,     1.000,     1.000,     0.000
     4.000,     0.949,     1.000,     0.800,     0.000
    15.000,     0.965,     1.000,     0.714,     0.000
     2.000,     1.000,     1.000,     1.000,     0.000
     4.000,     0.000,     1.000,     1.000,     0.000
     1.000,     0.000,     1.000,     1.000,     0.000
    11.000,     0.746,     1.000,     0.846,     0.000
     6.000,     0.925,     1.000,     0.857,     0.000
     3.000,     1.000,     1.000,     1.000,     0.000
     3.000,     0.974,     1.000,     0.750,     0.000
     1.000,     0.000,     1.000,     1.000,     0.000
    14.000,     0.960,     1.000,     0.609,     0.000
    10.000,     0.884,     1.000,     0.909,     0.000
     5.000,     0.816,     1.000,     1.000,     0.000
     1.000,     0.000,     1.000,     1.000,     0.000
     4.000,     0.924,     1.000,     1.000,     0.000
     6.000,     0.791,     1.000,     1.000,     0.000
     5.000,     0.816,     1.000,     1.000,     0.000
     1.000,     0.000,     1.000,     1.000,     0.000
     1.000,     0.000,     1.000,     1.000,     0.000
     2.000,     1.000,     1.000,     1.000,     0.000
     3.000,     0.974,     1.000,     1.000,     0.000
     3.000,     0.816,     1.000,     1.000,     0.000
    33.000,     0.984,     1.000,     0.569,     0.000
     1.000,     0.000,     1.000,     1.000,     0.000
     4.000,     0.949,     1.000,     0.800,     0.000
    17.000,     0.988,     1.000,     0.607,     0.000
     1.000,     0.000,     1.000,     1.000,     0.000
     2.000,     1.000,     1.000,     1.000,     0.000
     7.000,     0.965,     1.000,     0.778,     0.000
     3.000,     0.816,     1.000,     1.000,     0.000
     2.000,     1.000,     1.000,     1.000,     0.000
     1.000,     0.000,     1.000,     1.000,     0.000
     2.000,     1.000,     1.000,     1.000,     0.000
     1.000,     0.000,     1.000,     1.000,     0.000
     2.000,     1.000,     1.000,     1.000,     0.000
     1.000,     0.000,     1.000,     1.000,     0.000
     1.000,     0.000,     1.000,     1.000,     0.000
     1.000,     0.000,     1.000,     1.000,     0.000
     3.000,     0.974,     1.000,     0.750,     0.000
     2.000,     1.000,     1.000,     1.000,     0.000
     1.000,     0.000,     1.000,     1.000,     0.000
     2.000,     1.000,     1.000,     1.000,     0.000
     1.000,     0.000,     1.000,     1.000,     0.000
     2.000,     1.000,     1.000,     1.000,     0.000
1663925.000,     0.633,     1.000,     0.867,     0.000
     2.000,     1.000,     1.000,     1.000,     0.000
     1.000,     0.000,     1.000,     1.000,     0.000
     1.000,     0.000,     1.000,     1.000,     0.000
     1.000,     0.000,     1.000,     1.000,     0.000
     1.000,     0.000,     1.000,     1.000,     0.000
     1.000,     0.000,     1.000,     1.000,     0.000
     1.000,     0.000,     1.000,     1.000,     0.000
     1.000,     0.000,     1.000,     1.000,     0.000
     3.000,     1.000,     1.000,     1.000,     0.000
     1.000,     0.000,     1.000,     1.000,     0.000
     1.000,     0.000,     1.000,     1.000,     0.000
     1.000,     0.000,     1.000,     1.000,     0.000
     2.000,     1.000,     1.000,     1.000,     0.000
     1.000,     0.000,     1.000,     1.000,     0.000
     2.000,     1.000,     1.000,     1.000,     0.000
     1.000,     0.000,     1.000,     1.000,     0.000
     2.000,     1.000,     1.000,     1.000,     0.000
     1.000,     0.000,     1.000,     1.000,     0.000
     3.000,     1.000,     1.000,     1.000,     0.000
     1.000,     0.000,     1.000,     1.000,     0.000
     1.000,     0.000,     1.000,     1.000,     0.000
     2.000,     1.000,     1.000,     1.000,     0.000
    26.000,     0.681,     1.000,     0.788,     0.000
    14.000,     0.810,     1.000,     0.933,     0.000
    37.000,     0.950,     1.000,     0.685,     0.000
     1.000,     0.000,     1.000,     1.000,     0.000
     3.000,     0.816,     1.000,     1.000,     0.000
    17.000,     0.882,     1.000,     0.850,     0.000
     1.000,     0.000,     1.000,     1.000,     0.000
    32.000,     0.847,     1.000,     0.571,     0.000
     4.000,     0.791,     1.000,     1.000,     0.000
    34.000,     0.700,     1.000,     0.667,     0.000
     7.000,     0.889,     1.000,     1.000,     0.000
     1.000,     0.000,     1.000,     1.000,     0.000
     1.000,     0.000,     1.000,     1.000,     0.000
    27.000,     0.808,     1.000,     0.871,     0.000
     4.000,     0.913,     1.000,     1.000,     0.000
     5.000,     0.816,     1.000,     1.000,     0.000
     6.000,     0.900,     1.000,     0.857,     0.000
     1.000,     0.000,     1.000,     1.000,     0.000
     3.000,     1.000,     1.000,     1.000,     0.000
     2.000,     1.000,     1.000,     1.000,     0.000
     1.000,     0.000,     1.000,     1.000,     0.000
    21.000,     0.973,     1.000,     0.700,     0.000
     5.000,     0.816,     1.000,     1.000,     0.000
    20.000,     0.915,     1.000,     0.800,     0.000
     6.000,     0.791,     1.000,     1.000,     0.000
     7.000,     0.925,     1.000,     0.875,     0.000
     1.000,     0.000,     1.000,     1.000,     0.000
     1.000,     0.000,     1.000,     1.000,     0.000
     4.000,     0.000,     1.000,     1.000,     0.000
     4.000,     1.000,     1.000,     1.000,     0.000
     1.000,     0.000,     1.000,     1.000,     0.000
     6.000,     0.964,     1.000,     0.857,     0.000
     6.000,     0.925,     1.000,     1.000,     0.000
     1.000,     0.000,     1.000,     1.000,     0.000
     1.000,     0.000,     1.000,     1.000,     0.000
     4.000,     1.000,     1.000,     1.000,     0.000
     2.000,     1.000,     1.000,     1.000,     0.000
     2.000,     1.000,     1.000,     1.000,     0.000
     2.000,     1.000,     1.000,     1.000,     0.000
    21.000,     0.920,     1.000,     0.750,     0.000
     5.000,     0.959,     1.000,     0.833,     0.000
     5.000,     0.816,     1.000,     1.000,     0.000
     1.000,     0.000,     1.000,     1.000,     0.000
     2.000,     1.000,     1.000,     1.000,     0.000
     2.000,     1.000,     1.000,     1.000,     0.000
     8.000,     0.985,     1.000,     0.727,     0.000
     2.000,     1.000,     1.000,     1.000,     0.000
     2.000,     1.000,     1.000,     1.000,     0.000
     1.000,     0.000,     1.000,     1.000,     0.000
     3.000,     1.000,     1.000,     1.000,     0.000
    11.000,     0.980,     1.000,     0.550,     0.000
     2.000,     1.000,     1.000,     1.000,     0.000
     1.000,     0.000,     1.000,     1.000,     0.000
     2.000,     1.000,     1.000,     1.000,     0.000
     2.000,     1.000,     1.000,     1.000,     0.000
     3.000,     0.974,     1.000,     1.000,     0.000
     3.000,     1.000,     1.000,     1.000,     0.000
     2.000,     1.000,     1.000,     1.000,     0.000
     2.000,     1.000,     1.000,     1.000,     0.000
     2.000,     1.000,     1.000,     1.000,     0.000
     7.000,     0.973,     1.000,     0.636,     0.000
     5.000,     0.959,     1.000,     0.833,     0.000
     1.000,     0.000,     1.000,     1.000,     0.000
     1.000,     0.000,     1.000,     1.000,     0.000
     1.000,     0.000,     1.000,     1.000,     0.000
     1.000,     0.000,     1.000,     1.000,     0.000
     1.000,     0.000,     1.000,     1.000,     0.000
     4.000,     1.000,     1.000,     1.000,     0.000
     1.000,     0.000,     1.000,     1.000,     0.000
     1.000,     0.000,     1.000,     1.000,     0.000
     1.000,     0.000,     1.000,     1.000,     0.000
     1.000,     0.000,     1.000,     1.000,     0.000
     5.000,     0.913,     1.000,     0.714,     0.000
     1.000,     0.000,     1.000,     1.000,     0.000
     4.000,     0.000,     1.000,     1.000,     0.000
     1.000,     0.000,     1.000,     1.000,     0.000
     4.000,     1.000,     1.000,     1.000,     0.000
     4.000,     0.913,     1.000,     1.000,     0.000
     3.000,     1.000,     1.000,     1.000,     0.000
     1.000,     0.000,     1.000,     1.000,     0.000
     1.000,     0.000,     1.000,     1.000,     0.000
     1.000,     0.000,     1.000,     1.000,     0.000
     1.000,     0.000,     1.000,     1.000,     0.000
     2.000,     1.000,     1.000,     1.000,     0.000
     1.000,     0.000,     1.000,     1.000,     0.000
     1.000,     0.000,     1.000,     1.000,     0.000
     1.000,     0.000,     1.000,     1.000,     0.000
     3.000,     0.816,     1.000,     1.000,     0.000
     1.000,     0.000,     1.000,     1.000,     0.000
     1.000,     0.000,     1.000,     1.000,     0.000
     1.000,     0.000,     1.000,     1.000,     0.000
     2.000,     1.000,     1.000,     1.000,     0.000
     1.000,     0.000,     1.000,     1.000,     0.000
     2.000,     1.000,     1.000,     1.000,     0.000
    10.000,     0.995,     1.000,     0.714,     0.000
970185.000,     0.717,     1.000,     0.505,     1.000
     2.000,     1.000,     1.000,     1.000,     1.000
     1.000,     0.000,     1.000,     1.000,     1.000
     1.000,     0.000,     1.000,     1.000,     1.000
     1.000,     0.000,     1.000,     1.000,     1.000
     1.000,     0.000,     1.000,     1.000,     1.000
     1.000,     0.000,     1.000,     1.000,     1.000
     1.000,     0.000,     1.000,     1.000,     1.000
     2.000,     1.000,     1.000,     1.000,     1.000
     1.000,     0.000,     1.000,     1.000,     1.000
     2.000,     1.000,     1.000,     1.000,     1.000
     2.000,     1.000,     1.000,     1.000,     1.000
     2.000,     1.000,     1.000,     1.000,     1.000
     1.000,     0.000,     1.000,     1.000,     1.000
     1.000,     0.000,     1.000,     1.000,     1.000
     1.000,     0.000,     1.000,     1.000,     1.000
     2.000,     1.000,     1.000,     1.000,     1.000
     1.000,     0.000,     1.000,     1.000,     1.000
     1.000,     0.000,     1.000,     1.000,     1.000
     1.000,     0.000,     1.000,     1.000,     1.000
     1.000,     0.000,     1.000,     1.000,     1.000
     1.000,     0.000,     1.000,     1.000,     1.000
     2.000,     1.000,     1.000,     1.000,     1.000
     1.000,     0.000,     1.000,     1.000,     1.000
     1.000,     0.000,     1.000,     1.000,     1.000
     1.000,     0.000,     1.000,     1.000,     1.000
     3.000,     0.816,     1.000,     1.000,     1.000
     1.000,     0.000,     1.000,     1.000,     1.000
     1.000,     0.000,     1.000,     1.000,     1.000
982302.000,     0.726,     1.000,     0.512,     1.000
     1.000,     0.000,     1.000,     1.000,     1.000
     1.000,     0.000,     1.000,     1.000,     1.000
     1.000,     0.000,     1.000,     1.000,     1.000
     1.000,     0.000,     1.000,     1.000,     1.000
     1.000,     0.000,     1.000,     1.000,     1.000
     2.000,     1.000,     1.000,     1.000,     1.000
     4.000,     1.000,     1.000,     1.000,     1.000
     2.000,     1.000,     1.000,     1.000,     1.000
     5.000,     0.816,     1.000,     1.000,     1.000
     2.000,     1.000,     1.000,     1.000,     1.000
     2.000,     1.000,     1.000,     1.000,     1.000
     1.000,     0.000,     1.000,     1.000,     1.000
     1.000,     0.000,     1.000,     1.000,     1.000
     5.000,     0.913,     1.000,     0.714,     1.000
     4.000,     1.000,     1.000,     1.000,     1.000
     1.000,     0.000,     1.000,     1.000,     1.000
     2.000,     1.000,     1.000,     1.000,     1.000
     1.000,     0.000,     1.000,     1.000,     1.000
     1.000,     0.000,     1.000,     1.000,     1.000
     8.000,     0.604,     1.000,     0.889,     1.000
     1.000,     0.000,     1.000,     1.000,     1.000
     1.000,     0.000,     1.000,     1.000,     1.000
     5.000,     0.787,     1.000,     0.833,     1.000
     2.000,     1.000,     1.000,     1.000,     1.000
     1.000,     0.000,     1.000,     1.000,     1.000
     1.000,     0.000,     1.000,     1.000,     1.000
     8.000,     0.612,     1.000,     1.000,     1.000
     2.000,     1.000,     1.000,     1.000,     1.000
     3.000,     1.000,     1.000,     1.000,     1.000
     2.000,     1.000,     1.000,     1.000,     1.000
     2.000,     1.000,     1.000,     1.000,     1.000
     1.000,     0.000,     1.000,     1.000,     1.000
    16.000,     0.807,     1.000,     0.727,     1.000
     2.000,     1.000,     1.000,     1.000,     1.000
     3.000,     0.974,     1.000,     0.750,     1.000
     6.000,     0.714,     1.000,     0.857,     1.000
     1.000,     0.000,     1.000,     1.000,     1.000
     4.000,     0.924,     1.000,     1.000,     1.000
     1.000,     0.000,     1.000,     1.000,     1.000
     1.000,     0.000,     1.000,     1.000,     1.000
     1.000,     0.000,     1.000,     1.000,     1.000
     1.000,     0.000,     1.000,     1.000,     1.000
     1.000,     0.000,     1.000,     1.000,     1.000
     2.000,     1.000,     1.000,     1.000,     1.000
     1.000,     0.000,     1.000,     1.000,     1.000
     1.000,     0.000,     1.000,     1.000,     1.000
     1.000,     0.000,     1.000,     1.000,     1.000
     1.000,     0.000,     1.000,     1.000,     1.000
     1.000,     0.000,     1.000,     1.000,     1.000
     1.000,     0.000,     1.000,     1.000,     1.000
     1.000,     0.000,     1.000,     1.000,     1.000
     2.000,     1.000,     1.000,     1.000,     1.000
     1.000,     0.000,     1.000,     1.000,     1.000
1042473.000,     0.733,     1.000,     0.543,     1.000
     1.000,     0.000,     1.000,     1.000,     1.000
     1.000,     0.000,     1.000,     1.000,     1.000
     1.000,     0.000,     1.000,     1.000,     1.000
     2.000,     1.000,     1.000,     1.000,     1.000
     1.000,     0.000,     1.000,     1.000,     1.000
     7.000,     0.957,     1.000,     0.778,     1.000
     1.000,     0.000,     1.000,     1.000,     1.000
     4.000,     0.000,     1.000,     1.000,     1.000
     2.000,     1.000,     1.000,     1.000,     1.000
     1.000,     0.000,     1.000,     1.000,     1.000
     2.000,     1.000,     1.000,     1.000,     1.000
     1.000,     0.000,     1.000,     1.000,     1.000
     1.000,     0.000,     1.000,     1.000,     1.000
     1.000,     0.000,     1.000,     1.000,     1.000
     4.000,     1.000,     1.000,     1.000,     1.000
    14.000,     0.949,     1.000,     0.636,     1.000
     1.000,     0.000,     1.000,     1.000,     1.000
    16.000,     0.788,     1.000,     0.762,     1.000
     2.000,     1.000,     1.000,     1.000,     1.000
     2.000,     1.000,     1.000,     1.000,     1.000
     1.000,     0.000,     1.000,     1.000,     1.000
     7.000,     0.762,     1.000,     0.778,     1.000
     1.000,     0.000,     1.000,     1.000,     1.000
     1.000,     0.000,     1.000,     1.000,     1.000
     1.000,     0.000,     1.000,     1.000,     1.000
     3.000,     0.816,     1.000,     1.000,     1.000
     1.000,     0.000,     1.000,     1.000,     1.000
     5.000,     0.985,     1.000,     0.833,     1.000
     1.000,     0.000,     1.000,     1.000,     1.000
     2.000,     1.000,     1.000,     1.000,     1.000
     1.000,     0.000,     1.000,     1.000,     1.000
     8.000,     0.919,     1.000,     0.667,     1.000
     1.000,     0.000,     1.000,     1.000,     1.000
     1.000,     0.000,     1.000,     1.000,     1.000
     3.000,     0.816,     1.000,     1.000,     1.000
     1.000,     0.000,     1.000,     1.000,     1.000
     1.000,     0.000,     1.000,     1.000,     1.000
     1.000,     0.000,     1.000,     1.000,     1.000
     1.000,     0.000,     1.000,     1.000,     1.000
     1.000,     0.000,     1.000,     1.000,     1.000
     3.000,     1.000,     1.000,     1.000,     1.000
     1.000,     0.000,     1.000,     1.000,     1.000
     1.000,     0.000,     1.000,     1.000,     1.000
     2.000,     1.000,     1.000,     1.000,     1.000
     3.000,     0.816,     1.000,     1.000,     1.000
     3.000,     1.000,     1.000,     1.000,     1.000
     1.000,     0.000,     1.000,     1.000,     1.000
    30.000,     0.762,     1.000,     0.508,     1.000
     1.000,     0.000,     1.000,     1.000,     1.000
     1.000,     0.000,     1.000,     1.000,     1.000
     1.000,     0.000,     1.000,     1.000,     1.000
     1.000,     0.000,     1.000,     1.000,     1.000
    99.000,     0.916,     1.000,     0.423,     1.000
     1.000,     0.000,     1.000,     1.000,     1.000
     2.000,     1.000,     1.000,     1.000,     1.000
     1.000,     0.000,     1.000,     1.000,     1.000
     1.000,     0.000,     1.000,     1.000,     1.000
     1.000,     0.000,     1.000,     1.000,     1.000
     1.000,     0.000,     1.000,     1.000,     1.000
     1.000,     0.000,     1.000,     1.000,     1.000
     3.000,     0.974,     1.000,     0.750,     1.000
     3.000,     0.974,     1.000,     1.000,     1.000
     3.000,     1.000,     1.000,     1.000,     1.000
     1.000,     0.000,     1.000,     1.000,     1.000
     1.000,     0.000,     1.000,     1.000,     1.000
     1.000,     0.000,     1.000,     1.000,     1.000
     1.000,     0.000,     1.000,     1.000,     1.000
     2.000,     1.000,     1.000,     1.000,     1.000
     1.000,     0.000,     1.000,     1.000,     1.000
     1.000,     0.000,     1.000,     1.000,     1.000
     2.000,     1.000,     1.000,     1.000,     1.000
1001570.000,     0.711,     1.000,     0.522,     1.000
     1.000,     0.000,     1.000,     1.000,     1.000
     1.000,     0.000,     1.000,     1.000,     1.000
     1.000,     0.000,     1.000,     1.000,     1.000
     3.000,     1.000,     1.000,     1.000,     1.000
     1.000,     0.000,     1.000,     1.000,     1.000
     1.000,     0.000,     1.000,     1.000,     1.000
     2.000,     1.000,     1.000,     1.000,     1.000
     1.000,     0.000,     1.000,     1.000,     1.000
     1.000,     0.000,     1.000,     1.000,     1.000
     1.000,     0.000,     1.000,     1.000,     1.000
     1.000,     0.000,     1.000,     1.000,     1.000
1008795.000,     0.728,     1.000,     0.526,     1.000
     1.000,     0.000,     1.000,     1.000,     1.000
     1.000,     0.000,     1.000,     1.000,     1.000
     1.000,     0.000,     1.000,     1.000,     1.000
     1.000,     0.000,     1.000,     1.000,     1.000
     1.000,     0.000,     1.000,     1.000,     1.000
     2.000,     1.000,     1.000,     1.000,     1.000
     2.000,     1.000,     1.000,     1.000,     1.000
     1.000,     0.000,     1.000,     1.000,     1.000
     1.000,     0.000,     1.000,     1.000,     1.000
     1.000,     0.000,     1.000,     1.000,     1.000
     1.000,     0.000,     1.000,     1.000,     1.000
     1.000,     0.000,     1.000,     1.000,     1.000
     4.000,     0.949,     1.000,     0.800,     1.000
     1.000,     0.000,     1.000,     1.000,     1.000
     2.000,     1.000,     1.000,     1.000,     1.000
     1.000,     0.000,     1.000,     1.000,     1.000
     6.000,     0.913,     1.000,     1.000,     1.000
     2.000,     1.000,     1.000,     1.000,     1.000
     1.000,     0.000,     1.000,     1.000,     1.000
     1.000,     0.000,     1.000,     1.000,     1.000
     1.000,     0.000,     1.000,     1.000,     1.000
     1.000,     0.000,     1.000,     1.000,     1.000
     1.000,     0.000,     1.000,     1.000,     1.000
     3.000,     0.816,     1.000,     1.000,     1.000
     1.000,     0.000,     1.000,     1.000,     1.000
     1.000,     0.000,     1.000,     1.000,     1.000
     4.000,     1.000,     1.000,     1.000,     1.000
     1.000,     0.000,     1.000,     1.000,     1.000
     3.000,     0.974,     1.000,     0.750,     1.000
     1.000,     0.000,     1.000,     1.000,     1.000
     3.000,     1.000,     1.000,     1.000,     1.000
     4.000,     0.924,     1.000,     0.667,     1.000
     1.000,     0.000,     1.000,     1.000,     1.000
     1.000,     0.000,     1.000,     1.000,     1.000
1410189.000,     0.704,     1.000,     0.734,     2.000
     1.000,     0.000,     1.000,     1.000,     2.000
     5.000,     0.849,     1.000,     0.833,     2.000
     2.000,     1.000,     1.000,     1.000,     2.000
     1.000,     0.000,     1.000,     1.000,     2.000
     1.000,     0.000,     1.000,     1.000,     2.000
     5.000,     0.816,     1.000,     1.000,     2.000
     1.000,     0.000,     1.000,     1.000,     2.000
     5.000,     0.787,     1.000,     0.833,     2.000
     4.000,     0.913,     1.000,     0.800,     2.000
     1.000,     0.000,     1.000,     1.000,     2.000
     2.000,     1.000,     1.000,     1.000,     2.000
     1.000,     0.000,     1.000,     1.000,     2.000
     1.000,     0.000,     1.000,     1.000,     2.000
     1.000,     0.000,     1.000,     1.000,     2.000
     1.000,     0.000,     1.000,     1.000,     2.000
     3.000,     0.816,     1.000,     1.000,     2.000
     2.000,     1.000,     1.000,     1.000,     2.000
     2.000,     1.000,     1.000,     1.000,     2.000
     1.000,     0.000,     1.000,     1.000,     2.000
     4.000,     0.987,     1.000,     0.800,     2.000
     3.000,     0.816,     1.000,     1.000,     2.000
     8.000,     0.700,     1.000,     0.667,     2.000
     1.000,     0.000,     1.000,     1.000,     2.000
     1.000,     0.000,     1.000,     1.000,     2.000
     1.000,     0.000,     1.000,     1.000,     2.000
     1.000,     0.000,     1.000,     1.000,     2.000
     2.000,     1.000,     1.000,     1.000,     2.000
     1.000,     0.000,     1.000,     1.000,     2.000
     3.000,     1.000,     1.000,     1.000,     2.000
     1.000,     0.000,     1.000,     1.000,     2.000
     1.000,     0.000,     1.000,     1.000,     2.000
     1.000,     0.000,     1.000,     1.000,     2.000
     2.000,     1.000,     1.000,     1.000,     2.000
     1.000,     0.000,     1.000,     1.000,     2.000
     1.000,     0.000,     1.000,     1.000,     2.000
     1.000,     0.000,     1.000,     1.000,     2.000
1377488.000,     0.716,     1.000,     0.717,     2.000
     1.000,     0.000,     1.000,     1.000,     2.000
    10.000,     0.794,     1.000,     0.714,     2.000
     1.000,     0.000,     1.000,     1.000,     2.000
     1.000,     0.000,     1.000,     1.000,     2.000
     1.000,     0.000,     1.000,     1.000,     2.000
     1.000,     0.000,     1.000,     1.000,     2.000
     1.000,     0.000,     1.000,     1.000,     2.000
     1.000,     0.000,     1.000,     1.000,     2.000
     2.000,     1.000,     1.000,     1.000,     2.000
     1.000,     0.000,     1.000,     1.000,     2.000
     5.000,     0.885,     1.000,     0.833,     2.000
     5.000,     0.956,     1.000,     0.833,     2.000
     1.000,     0.000,     1.000,     1.000,     2.000
     3.000,     0.816,     1.000,     1.000,     2.000
     5.000,     0.816,     1.000,     1.000,     2.000
     1.000,     0.000,     1.000,     1.000,     2.000
     1.000,     0.000,     1.000,     1.000,     2.000
     1.000,     0.000,     1.000,     1.000,     2.000
     1.000,     0.000,     1.000,     1.000,     2.000
     3.000,     0.816,     1.000,     1.000,     2.000
     2.000,     1.000,     1.000,     1.000,     2.000
     2.000,     1.000,     1.000,     1.000,     2.000
     1.000,     0.000,     1.000,     1.000,     2.000
     1.000,     0.000,     1.000,     1.000,     2.000
    12.000,     0.726,     1.000,     0.857,     2.000
     1.000,     0.000,     1.000,     1.000,     2.000
     1.000,     0.000,     1.000,     1.000,     2.000
     1.000,     0.000,     1.000,     1.000,     2.000
     1.000,     0.000,     1.000,     1.000,     2.000
   220.000,     0.996,     1.000,     0.566,     2.000
     1.000,     0.000,     1.000,     1.000,     2.000
     3.000,     0.816,     1.000,     1.000,     2.000
     2.000,     1.000,     1.000,     1.000,     2.000
     2.000,     1.000,     1.000,     1.000,     2.000
    12.000,     0.976,     1.000,     0.750,     2.000
     2.000,     1.000,     1.000,     1.000,     2.000
     3.000,     0.974,     1.000,     1.000,     2.000
     4.000,     0.913,     1.000,     1.000,     2.000
     3.000,     1.000,     1.000,     1.000,     2.000
     3.000,     0.816,     1.000,     1.000,     2.000
     1.000,     0.000,     1.000,     1.000,     2.000
     6.000,     0.938,     1.000,     0.857,     2.000
     1.000,     0.000,     1.000,     1.000,     2.000
     3.000,     0.816,     1.000,     1.000,     2.000
     1.000,     0.000,     1.000,     1.000,     2.000
     1.000,     0.000,     1.000,     1.000,     2.000
     1.000,     0.000,     1.000,     1.000,     2.000
     1.000,     0.000,     1.000,     1.000,     2.000
     1.000,     0.000,     1.000,     1.000,     2.000
     1.000,     0.000,     1.000,     1.000,     2.000
     2.000,     1.000,     1.000,     1.000,     2.000
     2.000,     1.000,     1.000,     1.000,     2.000
     1.000,     0.000,     1.000,     1.000,     2.000
     1.000,     0.000,     1.000,     1.000,     2.000
     5.000,     0.625,     1.000,     0.625,     2.000
     1.000,     0.000,     1.000,     1.000,     2.000
     2.000,     1.000,     1.000,     1.000,     2.000
     1.000,     0.000,     1.000,     1.000,     2.000
     4.000,     0.000,     1.000,     1.000,     2.000
     6.000,     0.916,     1.000,     0.857,     2.000
     1.000,     0.000,     1.000,     1.000,     2.000
     3.000,     1.000,     1.000,     1.000,     2.000
     1.000,     0.000,     1.000,     1.000,     2.000
     1.000,     0.000,     1.000,     1.000,     2.000
1307431.000,     0.696,     1.000,     0.681,     2.000
     2.000,     1.000,     1.000,     1.000,     2.000
     2.000,     1.000,     1.000,     1.000,     2.000
     1.000,     0.000,     1.000,     1.000,     2.000
     1.000,     0.000,     1.000,     1.000,     2.000
     1.000,     0.000,     1.000,     1.000,     2.000
     1.000,     0.000,     1.000,     1.000,     2.000
     1.000,     0.000,     1.000,     1.000,     2.000
     1.000,     0.000,     1.000,     1.000,     2.000
     1.000,     0.000,     1.000,     1.000,     2.000
     2.000,     1.000,     1.000,     1.000,     2.000
     2.000,     1.000,     1.000,     1.000,     2.000
     1.000,     0.000,     1.000,     1.000,     2.000
     1.000,     0.000,     1.000,     1.000,     2.000
     1.000,     0.000,     1.000,     1.000,     2.000
     1.000,     0.000,     1.000,     1.000,     2.000
     1.000,     0.000,     1.000,     1.000,     2.000
     1.000,     0.000,     1.000,     1.000,     2.000
     1.000,     0.000,     1.000,     1.000,     2.000
     1.000,     0.000,     1.000,     1.000,     2.000
     1.000,     0.000,     1.000,     1.000,     2.000
     1.000,     0.000,     1.000,     1.000,     2.000
     3.000,     0.816,     1.000,     1.000,     2.000
     1.000,     0.000,     1.000,     1.000,     2.000
     1.000,     0.000,     1.000,     1.000,     2.000
     3.000,     0.816,     1.000,     1.000,     2.000
     1.000,     0.000,     1.000,     1.000,     2.000
     1.000,     0.000,     1.000,     1.000,     2.000
     2.000,     1.000,     1.000,     1.000,     2.000
     2.000,     1.000,     1.000,     1.000,     2.000
     2.000,     1.000,     1.000,     1.000,     2.000
     3.000,     0.974,     1.000,     0.750,     2.000
     1.000,     0.000,     1.000,     1.000,     2.000
     1.000,     0.000,     1.000,     1.000,     2.000
     1.000,     0.000,     1.000,     1.000,     2.000
     1.000,     0.000,     1.000,     1.000,     2.000
     2.000,     1.000,     1.000,     1.000,     2.000
     1.000,     0.000,     1.000,     1.000,     2.000
     1.000,     0.000,     1.000,     1.000,     2.000
     2.000,     1.000,     1.000,     1.000,     2.000
     2.000,     1.000,     1.000,     1.000,     2.000
     1.000,     0.000,     1.000,     1.000,     2.000
     4.000,     0.000,     1.000,     1.000,     2.000
     3.000,     0.974,     1.000,     0.750,     2.000
     4.000,     0.987,     1.000,     0.800,     2.000
     2.000,     1.000,     1.000,     1.000,     2.000
     4.000,     0.924,     1.000,     1.000,     2.000
     1.000,     0.000,     1.000,     1.000,     2.000
     2.000,     1.000,     1.000,     1.000,     2.000
     1.000,     0.000,     1.000,     1.000,     2.000
     1.000,     0.000,     1.000,     1.000,     2.000
     1.000,     0.000,     1.000,     1.000,     2.000
     1.000,     0.000,     1.000,     1.000,     2.000
     1.000,     0.000,     1.000,     1.000,     2.000
     2.000,     1.000,     1.000,     1.000,     2.000
     1.000,     0.000,     1.000,     1.000,     2.000
     4.000,     0.924,     1.000,     1.000,     2.000
     1.000,     0.000,     1.000,     1.000,     2.000
     5.000,     0.966,     1.000,     0.833,     2.000
     1.000,     0.000,     1.000,     1.000,     2.000
     1.000,     0.000,     1.000,     1.000,     2.000
     1.000,     0.000,     1.000,     1.000,     2.000
     3.000,     0.816,     1.000,     0.750,     2.000
     1.000,     0.000,     1.000,     1.000,     2.000
     1.000,     0.000,     1.000,     1.000,     2.000
     1.000,     0.000,     1.000,     1.000,     2.000
     2.000,     1.000,     1.000,     1.000,     2.000
     1.000,     0.000,     1.000,     1.000,     2.000
    13.000,     0.964,     1.000,     0.542,     2.000
     5.000,     0.816,     1.000,     1.000,     2.000
     1.000,     0.000,     1.000,     1.000,     2.000
     1.000,     0.000,     1.000,     1.000,     2.000
     5.000,     0.974,     1.000,     1.000,     2.000
     2.000,     1.000,     1.000,     1.000,     2.000
     1.000,     0.000,     1.000,     1.000,     2.000
     1.000,     0.000,     1.000,     1.000,     2.000
     1.000,     0.000,     1.000,     1.000,     2.000
     1.000,     0.000,     1.000,     1.000,     2.000
     1.000,     0.000,     1.000,     1.000,     2.000
     4.000,     0.836,     1.000,     0.800,     2.000
    12.000,     0.987,     1.000,     0.706,     2.000
     4.000,     0.836,     1.000,     0.800,     2.000
     1.000,     0.000,     1.000,     1.000,     2.000
     1.000,     0.000,     1.000,     1.000,     2.000
     2.000,     1.000,     1.000,     1.000,     2.000
     1.000,     0.000,     1.000,     1.000,     2.000
     2.000,     1.000,     1.000,     1.000,     2.000
     1.000,     0.000,     1.000,     1.000,     2.000
    18.000,     0.933,     1.000,     0.750,     2.000
     1.000,     0.000,     1.000,     1.000,     2.000
     1.000,     0.000,     1.000,     1.000,     2.000
     2.000,     1.000,     1.000,     1.000,     2.000
     1.000,     0.000,     1.000,     1.000,     2.000
1449546.000,     0.684,     1.000,     0.755,     2.000
     1.000,     0.000,     1.000,     1.000,     2.000
     1.000,     0.000,     1.000,     1.000,     2.000
     9.000,     0.881,     1.000,     1.000,     2.000
     1.000,     0.000,     1.000,     1.000,     2.000
     1.000,     0.000,     1.000,     1.000,     2.000
     1.000,     0.000,     1.000,     1.000,     2.000
     1.000,     0.000,     1.000,     1.000,     2.000
     1.000,     0.000,     1.000,     1.000,     2.000
     5.000,     0.709,     1.000,     0.714,     2.000
     1.000,     0.000,     1.000,     1.000,     2.000
     1.000,     0.000,     1.000,     1.000,     2.000
     1.000,     0.000,     1.000,     1.000,     2.000
     1.000,     0.000,     1.000,     1.000,     2.000
     1.000,     0.000,     1.000,     1.000,     2.000
     2.000,     1.000,     1.000,     1.000,     2.000
     5.000,     0.816,     1.000,     1.000,     2.000
     1.000,     0.000,     1.000,     1.000,     2.000
     1.000,     0.000,     1.000,     1.000,     2.000
     1.000,     0.000,     1.000,     1.000,     2.000
     1.000,     0.000,     1.000,     1.000,     2.000
     1.000,     0.000,     1.000,     1.000,     2.000
     1.000,     0.000,     1.000,     1.000,     2.000
     1.000,     0.000,     1.000,     1.000,     2.000
    34.000,     0.986,     1.000,     0.540,     2.000
     1.000,     0.000,     1.000,     1.000,     2.000
     1.000,     0.000,     1.000,     1.000,     2.000
     1.000,     0.000,     1.000,     1.000,     2.000
     1.000,     0.000,     1.000,     1.000,     2.000
     2.000,     1.000,     1.000,     1.000,     2.000
     2.000,     1.000,     1.000,     1.000,     2.000
    13.000,     0.837,     1.000,     0.867,     2.000
     1.000,     0.000,     1.000,     1.000,     2.000
     1.000,     0.000,     1.000,     1.000,     2.000
     1.000,     0.000,     1.000,     1.000,     2.000
     3.000,     1.000,     1.000,     1.000,     2.000
     1.000,     0.000,     1.000,     1.000,     2.000
     1.000,     0.000,     1.000,     1.000,     2.000
     1.000,     0.000,     1.000,     1.000,     2.000
     1.000,     0.000,     1.000,     1.000,     2.000
    12.000,     0.622,     1.000,     0.706,     2.000
     4.000,     0.816,     1.000,     0.800,     2.000
     1.000,     0.000,     1.000,     1.000,     2.000
    12.000,     0.680,     1.000,     0.857,     2.000
     2.000,     1.000,     1.000,     1.000,     2.000
     1.000,     0.000,     1.000,     1.000,     2.000
     3.000,     0.816,     1.000,     1.000,     2.000
     1.000,     0.000,     1.000,     1.000,     2.000
     1.000,     0.000,     1.000,     1.000,     2.000
     4.000,     0.791,     1.000,     1.000,     2.000
     1.000,     0.000,     1.000,     1.000,     2.000
     1.000,     0.000,     1.000,     1.000,     2.000
     1.000,     0.000,     1.000,     1.000,     2.000
     1.000,     0.000,     1.000,     1.000,     2.000
     1.000,     0.000,     1.000,     1.000,     2.000
    14.000,     0.880,     1.000,     0.636,     2.000
     1.000,     0.000,     1.000,     1.000,     2.000
     2.000,     1.000,     1.000,     1.000,     2.000
     1.000,     0.000,     1.000,     1.000,     2.000
     1.000,     0.000,     1.000,     1.000,     2.000
     1.000,     0.000,     1.000,     1.000,     2.000
     1.000,     0.000,     1.000,     1.000,     2.000
     1.000,     0.000,     1.000,     1.000,     2.000
    12.000,     0.859,     1.000,     0.667,     2.000
     1.000,     0.000,     1.000,     1.000,     2.000
     5.000,     0.816,     1.000,     1.000,     2.000
     2.000,     1.000,     1.000,     1.000,     2.000
     1.000,     0.000,     1.000,     1.000,     2.000
     3.000,     1.000,     1.000,     1.000,     2.000
1391518.000,     0.706,     1.000,     0.725,     2.000
     1.000,     0.000,     1.000,     1.000,     2.000
     1.000,     0.000,     1.000,     1.000,     2.000
     2.000,     1.000,     1.000,     1.000,     2.000
     7.000,     0.989,     1.000,     0.778,     2.000
     4.000,     0.989,     1.000,     0.800,     2.000
     1.000,     0.000,     1.000,     1.000,     2.000
     3.000,     1.000,     1.000,     1.000,     2.000
     1.000,     0.000,     1.000,     1.000,     2.000
     1.000,     0.000,     1.000,     1.000,     2.000
     1.000,     0.000,     1.000,     1.000,     2.000
     1.000,     0.000,     1.000,     1.000,     2.000
     1.000,     0.000,     1.000,     1.000,     2.000
     6.000,     0.956,     1.000,     0.750,     2.000
    52.000,     0.998,     1.000,     0.486,     2.000
     4.000,     0.836,     1.000,     0.800,     2.000
     1.000,     0.000,     1.000,     1.000,     2.000
     1.000,     0.000,     1.000,     1.000,     2.000
     1.000,     0.000,     1.000,     1.000,     2.000
     1.000,     0.000,     1.000,     1.000,     2.000
     1.000,     0.000,     1.000,     1.000,     2.000
     1.000,     0.000,     1.000,     1.000,     2.000
     1.000,     0.000,     1.000,     1.000,     2.000
     1.000,     0.000,     1.000,     1.000,     2.000
     1.000,     0.000,     1.000,     1.000,     2.000
     1.000,     0.000,     1.000,     1.000,     2.000
     1.000,     0.000,     1.000,     1.000,     2.000
     2.000,     1.000,     1.000,     1.000,     2.000
     1.000,     0.000,     1.000,     1.000,     2.000
     1.000,     0.000,     1.000,     1.000,     2.000
     5.000,     0.816,     1.000,     1.000,     2.000
     1.000,     0.000,     1.000,     1.000,     2.000
     1.000,     0.000,     1.000,     1.000,     2.000
     1.000,     0.000,     1.000,     1.000,     2.000
     1.000,     0.000,     1.000,     1.000,     2.000
     1.000,     0.000,     1.000,     1.000,     2.000
    10.000,     0.948,     1.000,     1.000,     2.000
     1.000,     0.000,     1.000,     1.000,     2.000
     1.000,     0.000,     1.000,     1.000,     2.000
     1.000,     0.000,     1.000,     1.000,     2.000
     3.000,     0.974,     1.000,     0.750,     2.000
     1.000,     0.000,     1.000,     1.000,     2.000
     1.000,     0.000,     1.000,     1.000,     2.000
     1.000,     0.000,     1.000,     1.000,     2.000
     1.000,     0.000,     1.000,     1.000,     2.000
     1.000,     0.000,     1.000,     1.000,     2.000
     1.000,     0.000,     1.000,     1.000,     2.000
     1.000,     0.000,     1.000,     1.000,     2.000
     2.000,     1.000,     1.000,     1.000,     2.000
     1.000,     0.000,     1.000,     1.000,     2.000
     1.000,     0.000,     1.000,     1.000,     2.000
     2.000,     1.000,     1.000,     1.000,     2.000
     1.000,     0.000,     1.000,     1.000,     2.000
     2.000,     1.000,     1.000,     1.000,     2.000
     4.000,     0.961,     1.000,     0.800,     2.000
     3.000,     0.974,     1.000,     1.000,     2.000
     5.000,     0.924,     1.000,     0.833,     2.000
     3.000,     0.816,     1.000,     1.000,     2.000
     1.000,     0.000,     1.000,     1.000,     2.000
     1.000,     0.000,     1.000,     1.000,     2.000
     1.000,     0.000,     1.000,     1.000,     2.000
     1.000,     0.000,     1.000,     1.000,     2.000
     2.000,     1.000,     1.000,     1.000,     2.000
     1.000,     0.000,     1.000,     1.000,     2.000
     5.000,     0.981,     1.000,     0.833,     2.000
     1.000,     0.000,     1.000,     1.000,     2.000
     5.000,     0.959,     1.000,     0.833,     2.000
     2.000,     1.000,     1.000,     1.000,     2.000
     1.000,     0.000,     1.000,     1.000,     2.000
     1.000,     0.000,     1.000,     1.000,     2.000
     1.000,     0.000,     1.000,     1.000,     2.000
1522055.000,     0.653,     1.000,     0.793,     3.000
     1.000,     0.000,     1.000,     1.000,     3.000
     1.000,     0.000,     1.000,     1.000,     3.000
     4.000,     0.961,     1.000,     1.000,     3.000
     2.000,     1.000,     1.000,     1.000,     3.000
     1.000,     0.000,     1.000,     1.000,     3.000
     4.000,     1.000,     1.000,     1.000,     3.000
     1.000,     0.000,     1.000,     1.000,     3.000
     1.000,     0.000,     1.000,     1.000,     3.000
     1.000,     0.000,     1.000,     1.000,     3.000
     1.000,     0.000,     1.000,     1.000,     3.000
     1.000,     0.000,     1.000,     1.000,     3.000
1324683.000,     0.630,     1.000,     0.690,     3.000
     1.000,     0.000,     1.000,     1.000,     3.000
     1.000,     0.000,     1.000,     1.000,     3.000
     1.000,     0.000,     1.000,     1.000,     3.000
     1.000,     0.000,     1.000,     1.000,     3.000
     1.000,     0.000,     1.000,     1.000,     3.000
     1.000,     0.000,     1.000,     1.000,     3.000
     5.000,     0.872,     1.000,     0.714,     3.000
     2.000,     1.000,     1.000,     1.000,     3.000
     1.000,     0.000,     1.000,     1.000,     3.000
     1.000,     0.000,     1.000,     1.000,     3.000
     1.000,     0.000,     1.000,     1.000,     3.000
     1.000,     0.000,     1.000,     1.000,     3.000
     1.000,     0.000,     1.000,     1.000,     3.000
     1.000,     0.000,     1.000,     1.000,     3.000
     1.000,     0.000,     1.000,     1.000,     3.000
     1.000,     0.000,     1.000,     1.000,     3.000
     4.000,     0.913,     1.000,     1.000,     3.000
     1.000,     0.000,     1.000,     1.000,     3.000
1520492.000,     0.661,     1.000,     0.792,     3.000
     1.000,     0.000,     1.000,     1.000,     3.000
     2.000,     1.000,     1.000,     1.000,     3.000
     1.000,     0.000,     1.000,     1.000,     3.000
     1.000,     0.000,     1.000,     1.000,     3.000
     1.000,     0.000,     1.000,     1.000,     3.000
     1.000,     0.000,     1.000,     1.000,     3.000
     4.000,     1.000,     1.000,     1.000,     3.000
     1.000,     0.000,     1.000,     1.000,     3.000
     1.000,     0.000,     1.000,     1.000,     3.000
     1.000,     0.000,     1.000,     1.000,     3.000
     1.000,     0.000,     1.000,     1.000,     3.000
     1.000,     0.000,     1.000,     1.000,     3.000
     2.000,     1.000,     1.000,     1.000,     3.000
1244835.000,     0.622,     1.000,     0.648,     3.000
     1.000,     0.000,     1.000,     1.000,     3.000
     1.000,     0.000,     1.000,     1.000,     3.000
     1.000,     0.000,     1.000,     1.000,     3.000
     4.000,     0.788,     1.000,     0.800,     3.000
     1.000,     0.000,     1.000,     1.000,     3.000
     2.000,     1.000,     1.000,     1.000,     3.000
     1.000,     0.000,     1.000,     1.000,     3.000
     1.000,     0.000,     1.000,     1.000,     3.000
     1.000,     0.000,     1.000,     1.000,     3.000
     1.000,     0.000,     1.000,     1.000,     3.000
     1.000,     0.000,     1.000,     1.000,     3.000
     1.000,     0.000,     1.000,     1.000,     3.000
     2.000,     1.000,     1.000,     1.000,     3.000
     1.000,     0.000,     1.000,     1.000,     3.000
     1.000,     0.000,     1.000,     1.000,     3.000
     2.000,     1.000,     1.000,     1.000,     3.000
     1.000,     0.000,     1.000,     1.000,     3.000
     2.000,     1.000,     1.000,     1.000,     3.000
     1.000,     0.000,     1.000,     1.000,     3.000
     2.000,     1.000,     1.000,     1.000,     3.000
     1.000,     0.000,     1.000,     1.000,     3.000
     3.000,     1.000,     1.000,     1.000,     3.000
     1.000,     0.000,     1.000,     1.000,     3.000
     1.000,     0.000,     1.000,     1.000,     3.000
     1.000,     0.000,     1.000,     1.000,     3.000
     1.000,     0.000,     1.000,     1.000,     3.000
     1.000,     0.000,     1.000,     1.000,     3.000
1400977.000,     0.649,     1.000,     0.730,     3.000
     1.000,     0.000,     1.000,     1.000,     3.000
     1.000,     0.000,     1.000,     1.000,     3.000
     1.000,     0.000,     1.000,     1.000,     3.000
     2.000,     1.000,     1.000,     1.000,     3.000
     1.000,     0.000,     1.000,     1.000,     3.000
     5.000,     0.365,     1.000,     0.714,     3.000
     3.000,     1.000,     1.000,     1.000,     3.000
     3.000,     0.816,     1.000,     1.000,     3.000
     1.000,     0.000,     1.000,     1.000,     3.000
     2.000,     1.000,     1.000,     1.000,     3.000
     1.000,     0.000,     1.000,     1.000,     3.000
     1.000,     0.000,     1.000,     1.000,     3.000
     2.000,     1.000,     1.000,     1.000,     3.000
     1.000,     0.000,     1.000,     1.000,     3.000
     5.000,     0.365,     1.000,     0.833,     3.000
     8.000,     0.944,     1.000,     0.615,     3.000
     2.000,     1.000,     1.000,     1.000,     3.000
